Topology: 36, 7, 1
In: 5/1/2010,14795.7,6,0.2,58.6,73.6,154.527919526035,6/1/2010,14795.7,5.9,0.18,58.5,76,153.924352492819,7/1/2010,14845.5,5.9,0.18,58.5,67.8,152.544735370387,8/1/2010,14892.25,5.8,0.19,58.6,68.9,150.825715068152,9/1/2010,14892.25,5.6,0.19,58.5,68.2,148.995301644902,10/1/2010,14939,5.4,0.19,58.3,67.7,147.271973457538
Out: 14910.15
In: 6/1/2010,14795.7,5.9,0.18,58.5,76,153.924352492819,7/1/2010,14845.5,5.9,0.18,58.5,67.8,152.544735370387,8/1/2010,14892.25,5.8,0.19,58.6,68.9,150.825715068152,9/1/2010,14892.25,5.6,0.19,58.5,68.2,148.995301644902,10/1/2010,14939,5.4,0.19,58.3,67.7,147.271973457538,11/1/2010,14910.15,5.3,0.19,58.2,71.6,146.575120061936
Out: 14910.15
In: 7/1/2010,14845.5,5.9,0.18,58.5,67.8,152.544735370387,8/1/2010,14892.25,5.8,0.19,58.6,68.9,150.825715068152,9/1/2010,14892.25,5.6,0.19,58.5,68.2,148.995301644902,10/1/2010,14939,5.4,0.19,58.3,67.7,147.271973457538,11/1/2010,14910.15,5.3,0.19,58.2,71.6,146.575120061936,12/1/2010,14910.15,5.9,0.18,58.3,74.5,146.239086054491
Out: 14881.3
In: 8/1/2010,14892.25,5.8,0.19,58.6,68.9,150.825715068152,9/1/2010,14892.25,5.6,0.19,58.5,68.2,148.995301644902,10/1/2010,14939,5.4,0.19,58.3,67.7,147.271973457538,11/1/2010,14910.15,5.3,0.19,58.2,71.6,146.575120061936,12/1/2010,14910.15,5.9,0.18,58.3,74.5,146.239086054491,1/1/2011,14881.3,6.3,0.17,58.3,74.2,146.366544185385
Out: 14935.45
In: 9/1/2010,14892.25,5.6,0.19,58.5,68.2,148.995301644902,10/1/2010,14939,5.4,0.19,58.3,67.7,147.271973457538,11/1/2010,14910.15,5.3,0.19,58.2,71.6,146.575120061936,12/1/2010,14910.15,5.9,0.18,58.3,74.5,146.239086054491,1/1/2011,14881.3,6.3,0.17,58.3,74.2,146.366544185385,2/1/2011,14935.45,6.4,0.16,58.4,77.5,146.278363221754
Out: 14935.45
In: 10/1/2010,14939,5.4,0.19,58.3,67.7,147.271973457538,11/1/2010,14910.15,5.3,0.19,58.2,71.6,146.575120061936,12/1/2010,14910.15,5.9,0.18,58.3,74.5,146.239086054491,1/1/2011,14881.3,6.3,0.17,58.3,74.2,146.366544185385,2/1/2011,14935.45,6.4,0.16,58.4,77.5,146.278363221754,3/1/2011,14935.45,6.1,0.14,58.4,67.5,146.05603897498
Out: 14989.6
