Topology: 36, 7, 1
In: 8/1/2012,15382.55,7.1,0.13,58.4,74.3,154.181260002617,9/1/2012,15382.55,7.2,0.14,58.6,78.3,156.895451555562,10/1/2012,15384.3,7.8,0.16,58.8,82.6,158.948322551269,11/1/2012,15420.75,8.8,0.16,58.7,82.7,160.314505167883,12/1/2012,15420.75,11,0.16,58.6,72.9,162.723156022009,1/1/2013,15457.2,4.6,0.14,58.6,73.8,166.233760290484
Out: 15478.7
In: 9/1/2012,15382.55,7.2,0.14,58.6,78.3,156.895451555562,10/1/2012,15384.3,7.8,0.16,58.8,82.6,158.948322551269,11/1/2012,15420.75,8.8,0.16,58.7,82.7,160.314505167883,12/1/2012,15420.75,11,0.16,58.6,72.9,162.723156022009,1/1/2013,15457.2,4.6,0.14,58.6,73.8,166.233760290484,2/1/2013,15478.7,4.6,0.15,58.6,77.6,171.307482370398
Out: 15478.7
In: 10/1/2012,15384.3,7.8,0.16,58.8,82.6,158.948322551269,11/1/2012,15420.75,8.8,0.16,58.7,82.7,160.314505167883,12/1/2012,15420.75,11,0.16,58.6,72.9,162.723156022009,1/1/2013,15457.2,4.6,0.14,58.6,73.8,166.233760290484,2/1/2013,15478.7,4.6,0.15,58.6,77.6,171.307482370398,3/1/2013,15478.7,4.7,0.14,58.5,78.6,176.911294817565
Out: 15500.2
In: 11/1/2012,15420.75,8.8,0.16,58.7,82.7,160.314505167883,12/1/2012,15420.75,11,0.16,58.6,72.9,162.723156022009,1/1/2013,15457.2,4.6,0.14,58.6,73.8,166.233760290484,2/1/2013,15478.7,4.6,0.15,58.6,77.6,171.307482370398,3/1/2013,15478.7,4.7,0.14,58.5,78.6,176.911294817565,4/1/2013,15500.2,4.7,0.15,58.6,76.4,182.010124614565
Out: 15557.3
In: 12/1/2012,15420.75,11,0.16,58.6,72.9,162.723156022009,1/1/2013,15457.2,4.6,0.14,58.6,73.8,166.233760290484,2/1/2013,15478.7,4.6,0.15,58.6,77.6,171.307482370398,3/1/2013,15478.7,4.7,0.14,58.5,78.6,176.911294817565,4/1/2013,15500.2,4.7,0.15,58.6,76.4,182.010124614565,5/1/2013,15557.3,5,0.11,58.6,84.5,186.748008477508
Out: 15557.3
In: 1/1/2013,15457.2,4.6,0.14,58.6,73.8,166.233760290484,2/1/2013,15478.7,4.6,0.15,58.6,77.6,171.307482370398,3/1/2013,15478.7,4.7,0.14,58.5,78.6,176.911294817565,4/1/2013,15500.2,4.7,0.15,58.6,76.4,182.010124614565,5/1/2013,15557.3,5,0.11,58.6,84.5,186.748008477508,6/1/2013,15557.3,5.1,0.09,58.7,84.1,191.082725281467
Out: 15614.4
