Topology: 36, 7, 1
In: 9/1/2011,15105.7,5.7,0.08,58.4,59.5,144.890640586574,10/1/2011,15190.3,5.5,0.07,58.4,60.8,142.814642415969,11/1/2011,15240.65,5.6,0.08,58.6,63.7,141.154318129273,12/1/2011,15240.65,6.4,0.07,58.6,69.9,139.512390858677,1/1/2012,15291,6.6,0.08,58.5,75,139.850260670395,2/1/2012,15326.7,6.7,0.1,58.5,75.3,140.60477204444
Out: 15326.7
In: 10/1/2011,15190.3,5.5,0.07,58.4,60.8,142.814642415969,11/1/2011,15240.65,5.6,0.08,58.6,63.7,141.154318129273,12/1/2011,15240.65,6.4,0.07,58.6,69.9,139.512390858677,1/1/2012,15291,6.6,0.08,58.5,75,139.850260670395,2/1/2012,15326.7,6.7,0.1,58.5,75.3,140.60477204444,3/1/2012,15326.7,7,0.13,58.6,76.2,142.514015604742
Out: 15362.4
In: 11/1/2011,15240.65,5.6,0.08,58.6,63.7,141.154318129273,12/1/2011,15240.65,6.4,0.07,58.6,69.9,139.512390858677,1/1/2012,15291,6.6,0.08,58.5,75,139.850260670395,2/1/2012,15326.7,6.7,0.1,58.5,75.3,140.60477204444,3/1/2012,15326.7,7,0.13,58.6,76.2,142.514015604742,4/1/2012,15362.4,7.2,0.14,58.5,76.4,144.462604298924
Out: 15371.6
In: 12/1/2011,15240.65,6.4,0.07,58.6,69.9,139.512390858677,1/1/2012,15291,6.6,0.08,58.5,75,139.850260670395,2/1/2012,15326.7,6.7,0.1,58.5,75.3,140.60477204444,3/1/2012,15326.7,7,0.13,58.6,76.2,142.514015604742,4/1/2012,15362.4,7.2,0.14,58.5,76.4,144.462604298924,5/1/2012,15371.6,7.3,0.16,58.5,79.3,147.189413545108
Out: 15371.6
In: 1/1/2012,15291,6.6,0.08,58.5,75,139.850260670395,2/1/2012,15326.7,6.7,0.1,58.5,75.3,140.60477204444,3/1/2012,15326.7,7,0.13,58.6,76.2,142.514015604742,4/1/2012,15362.4,7.2,0.14,58.5,76.4,144.462604298924,5/1/2012,15371.6,7.3,0.16,58.5,79.3,147.189413545108,6/1/2012,15371.6,7.6,0.16,58.6,73.2,150.043345561894
Out: 15380.8
In: 2/1/2012,15326.7,6.7,0.1,58.5,75.3,140.60477204444,3/1/2012,15326.7,7,0.13,58.6,76.2,142.514015604742,4/1/2012,15362.4,7.2,0.14,58.5,76.4,144.462604298924,5/1/2012,15371.6,7.3,0.16,58.5,79.3,147.189413545108,6/1/2012,15371.6,7.6,0.16,58.6,73.2,150.043345561894,7/1/2012,15380.8,7.1,0.16,58.5,72.3,151.537448822792
Out: 15382.55
