Topology: 36, 7, 1
In: 8/1/2007,14965.15,2.6,5.02,62.7,83.4,255.281648741875,9/1/2007,14965.15,2.8,4.94,62.9,83.4,251.862880569219,10/1/2007,14991.8,2.8,4.76,62.7,80.9,246.838288408052,11/1/2007,14940.65,2.5,4.49,62.9,76.1,240.935480034815,12/1/2007,14940.65,3,4.24,62.7,75.5,233.543345489473,1/1/2008,14889.5,3.3,3.94,62.9,78.4,227.209354978913
Out: 14926.45
In: 9/1/2007,14965.15,2.8,4.94,62.9,83.4,251.862880569219,10/1/2007,14991.8,2.8,4.76,62.7,80.9,246.838288408052,11/1/2007,14940.65,2.5,4.49,62.9,76.1,240.935480034815,12/1/2007,14940.65,3,4.24,62.7,75.5,233.543345489473,1/1/2008,14889.5,3.3,3.94,62.9,78.4,227.209354978913,2/1/2008,14926.45,3.8,2.98,62.8,70.8,218.950878627502
Out: 14926.45
In: 10/1/2007,14991.8,2.8,4.76,62.7,80.9,246.838288408052,11/1/2007,14940.65,2.5,4.49,62.9,76.1,240.935480034815,12/1/2007,14940.65,3,4.24,62.7,75.5,233.543345489473,1/1/2008,14889.5,3.3,3.94,62.9,78.4,227.209354978913,2/1/2008,14926.45,3.8,2.98,62.8,70.8,218.950878627502,3/1/2008,14926.45,3.9,2.61,62.7,69.5,213.590457754112
Out: 14963.4
In: 11/1/2007,14940.65,2.5,4.49,62.9,76.1,240.935480034815,12/1/2007,14940.65,3,4.24,62.7,75.5,233.543345489473,1/1/2008,14889.5,3.3,3.94,62.9,78.4,227.209354978913,2/1/2008,14926.45,3.8,2.98,62.8,70.8,218.950878627502,3/1/2008,14926.45,3.9,2.61,62.7,69.5,213.590457754112,4/1/2008,14963.4,3.5,2.28,62.7,62.6,207.854059852145
Out: 14927.5
In: 12/1/2007,14940.65,3,4.24,62.7,75.5,233.543345489473,1/1/2008,14889.5,3.3,3.94,62.9,78.4,227.209354978913,2/1/2008,14926.45,3.8,2.98,62.8,70.8,218.950878627502,3/1/2008,14926.45,3.9,2.61,62.7,69.5,213.590457754112,4/1/2008,14963.4,3.5,2.28,62.7,62.6,207.854059852145,5/1/2008,14927.5,7.9,1.98,62.5,59.8,203.250605424701
Out: 14927.5
In: 1/1/2008,14889.5,3.3,3.94,62.9,78.4,227.209354978913,2/1/2008,14926.45,3.8,2.98,62.8,70.8,218.950878627502,3/1/2008,14926.45,3.9,2.61,62.7,69.5,213.590457754112,4/1/2008,14963.4,3.5,2.28,62.7,62.6,207.854059852145,5/1/2008,14927.5,7.9,1.98,62.5,59.8,203.250605424701,6/1/2008,14927.5,5.5,2,62.4,56.4,200.112653688476
Out: 14891.6
