Topology: 36, 7, 1
In: 7/1/2006,14602.6,2.9,5.24,63,84.7,277.725176076785,8/1/2006,14659.75,3,5.25,63.1,82,275.898671169577,9/1/2006,14659.75,3,5.25,63.1,85.4,272.894609997312,10/1/2006,14716.9,3.1,5.25,63.3,93.6,270.448157519788,11/1/2006,14721.45,3.2,5.25,63.3,92.1,270.161839479831,12/1/2006,14721.45,3,5.24,63.4,91.7,270.157121473487
Out: 14726
In: 8/1/2006,14659.75,3,5.25,63.1,82,275.898671169577,9/1/2006,14659.75,3,5.25,63.1,85.4,272.894609997312,10/1/2006,14716.9,3.1,5.25,63.3,93.6,270.448157519788,11/1/2006,14721.45,3.2,5.25,63.3,92.1,270.161839479831,12/1/2006,14721.45,3,5.24,63.4,91.7,270.157121473487,1/1/2007,14726,3,5.25,63.3,96.9,271.427529823816
Out: 14782.35
In: 9/1/2006,14659.75,3,5.25,63.1,85.4,272.894609997312,10/1/2006,14716.9,3.1,5.25,63.3,93.6,270.448157519788,11/1/2006,14721.45,3.2,5.25,63.3,92.1,270.161839479831,12/1/2006,14721.45,3,5.24,63.4,91.7,270.157121473487,1/1/2007,14726,3,5.25,63.3,96.9,271.427529823816,2/1/2007,14782.35,3.3,5.26,63.3,91.3,273.73435143071
Out: 14782.35
In: 10/1/2006,14716.9,3.1,5.25,63.3,93.6,270.448157519788,11/1/2006,14721.45,3.2,5.25,63.3,92.1,270.161839479831,12/1/2006,14721.45,3,5.24,63.4,91.7,270.157121473487,1/1/2007,14726,3,5.25,63.3,96.9,271.427529823816,2/1/2007,14782.35,3.3,5.26,63.3,91.3,273.73435143071,3/1/2007,14782.35,3.6,5.26,63.3,88.4,277.072160690258
Out: 14838.7
In: 11/1/2006,14721.45,3.2,5.25,63.3,92.1,270.161839479831,12/1/2006,14721.45,3,5.24,63.4,91.7,270.157121473487,1/1/2007,14726,3,5.25,63.3,96.9,271.427529823816,2/1/2007,14782.35,3.3,5.26,63.3,91.3,273.73435143071,3/1/2007,14782.35,3.6,5.26,63.3,88.4,277.072160690258,4/1/2007,14838.7,3.2,5.25,63,87.1,275.480680547943
Out: 14888.6
In: 12/1/2006,14721.45,3,5.24,63.4,91.7,270.157121473487,1/1/2007,14726,3,5.25,63.3,96.9,271.427529823816,2/1/2007,14782.35,3.3,5.26,63.3,91.3,273.73435143071,3/1/2007,14782.35,3.6,5.26,63.3,88.4,277.072160690258,4/1/2007,14838.7,3.2,5.25,63,87.1,275.480680547943,5/1/2007,14888.6,3,5.25,63,88.3,272.684923673379
Out: 14888.6
