Topology: 36, 7, 1
In: 12/1/2006,14721.45,3,5.24,63.4,91.7,270.157121473487,1/1/2007,14726,3,5.25,63.3,96.9,271.427529823816,2/1/2007,14782.35,3.3,5.26,63.3,91.3,273.73435143071,3/1/2007,14782.35,3.6,5.26,63.3,88.4,277.072160690258,4/1/2007,14838.7,3.2,5.25,63,87.1,275.480680547943,5/1/2007,14888.6,3,5.25,63,88.3,272.684923673379
Out: 14888.6
In: 1/1/2007,14726,3,5.25,63.3,96.9,271.427529823816,2/1/2007,14782.35,3.3,5.26,63.3,91.3,273.73435143071,3/1/2007,14782.35,3.6,5.26,63.3,88.4,277.072160690258,4/1/2007,14838.7,3.2,5.25,63,87.1,275.480680547943,5/1/2007,14888.6,3,5.25,63,88.3,272.684923673379,6/1/2007,14888.6,2.8,5.25,63,85.3,267.183560356515
Out: 14938.5
In: 2/1/2007,14782.35,3.3,5.26,63.3,91.3,273.73435143071,3/1/2007,14782.35,3.6,5.26,63.3,88.4,277.072160690258,4/1/2007,14838.7,3.2,5.25,63,87.1,275.480680547943,5/1/2007,14888.6,3,5.25,63,88.3,272.684923673379,6/1/2007,14888.6,2.8,5.25,63,85.3,267.183560356515,7/1/2007,14938.5,2.8,5.26,62.9,90.4,261.342421588257
Out: 14965.15
In: 3/1/2007,14782.35,3.6,5.26,63.3,88.4,277.072160690258,4/1/2007,14838.7,3.2,5.25,63,87.1,275.480680547943,5/1/2007,14888.6,3,5.25,63,88.3,272.684923673379,6/1/2007,14888.6,2.8,5.25,63,85.3,267.183560356515,7/1/2007,14938.5,2.8,5.26,62.9,90.4,261.342421588257,8/1/2007,14965.15,2.6,5.02,62.7,83.4,255.281648741875
Out: 14965.15
In: 4/1/2007,14838.7,3.2,5.25,63,87.1,275.480680547943,5/1/2007,14888.6,3,5.25,63,88.3,272.684923673379,6/1/2007,14888.6,2.8,5.25,63,85.3,267.183560356515,7/1/2007,14938.5,2.8,5.26,62.9,90.4,261.342421588257,8/1/2007,14965.15,2.6,5.02,62.7,83.4,255.281648741875,9/1/2007,14965.15,2.8,4.94,62.9,83.4,251.862880569219
Out: 14991.8
In: 5/1/2007,14888.6,3,5.25,63,88.3,272.684923673379,6/1/2007,14888.6,2.8,5.25,63,85.3,267.183560356515,7/1/2007,14938.5,2.8,5.26,62.9,90.4,261.342421588257,8/1/2007,14965.15,2.6,5.02,62.7,83.4,255.281648741875,9/1/2007,14965.15,2.8,4.94,62.9,83.4,251.862880569219,10/1/2007,14991.8,2.8,4.76,62.7,80.9,246.838288408052
Out: 14940.65
