Topology: 36, 7, 1
In: 10/1/2012,15384.3,7.8,0.16,58.8,82.6,158.948322551269,11/1/2012,15420.75,8.8,0.16,58.7,82.7,160.314505167883,12/1/2012,15420.75,11,0.16,58.6,72.9,162.723156022009,1/1/2013,15457.2,4.6,0.14,58.6,73.8,166.233760290484,2/1/2013,15478.7,4.6,0.15,58.6,77.6,171.307482370398,3/1/2013,15478.7,4.7,0.14,58.5,78.6,176.911294817565
Out: 15500.2
In: 11/1/2012,15420.75,8.8,0.16,58.7,82.7,160.314505167883,12/1/2012,15420.75,11,0.16,58.6,72.9,162.723156022009,1/1/2013,15457.2,4.6,0.14,58.6,73.8,166.233760290484,2/1/2013,15478.7,4.6,0.15,58.6,77.6,171.307482370398,3/1/2013,15478.7,4.7,0.14,58.5,78.6,176.911294817565,4/1/2013,15500.2,4.7,0.15,58.6,76.4,182.010124614565
Out: 15557.3
In: 12/1/2012,15420.75,11,0.16,58.6,72.9,162.723156022009,1/1/2013,15457.2,4.6,0.14,58.6,73.8,166.233760290484,2/1/2013,15478.7,4.6,0.15,58.6,77.6,171.307482370398,3/1/2013,15478.7,4.7,0.14,58.5,78.6,176.911294817565,4/1/2013,15500.2,4.7,0.15,58.6,76.4,182.010124614565,5/1/2013,15557.3,5,0.11,58.6,84.5,186.748008477508
Out: 15557.3
In: 1/1/2013,15457.2,4.6,0.14,58.6,73.8,166.233760290484,2/1/2013,15478.7,4.6,0.15,58.6,77.6,171.307482370398,3/1/2013,15478.7,4.7,0.14,58.5,78.6,176.911294817565,4/1/2013,15500.2,4.7,0.15,58.6,76.4,182.010124614565,5/1/2013,15557.3,5,0.11,58.6,84.5,186.748008477508,6/1/2013,15557.3,5.1,0.09,58.7,84.1,191.082725281467
Out: 15614.4
In: 2/1/2013,15478.7,4.6,0.15,58.6,77.6,171.307482370398,3/1/2013,15478.7,4.7,0.14,58.5,78.6,176.911294817565,4/1/2013,15500.2,4.7,0.15,58.6,76.4,182.010124614565,5/1/2013,15557.3,5,0.11,58.6,84.5,186.748008477508,6/1/2013,15557.3,5.1,0.09,58.7,84.1,191.082725281467,7/1/2013,15614.4,5,0.09,58.7,85.1,194.512331190619
Out: 15687.95
In: 3/1/2013,15478.7,4.7,0.14,58.5,78.6,176.911294817565,4/1/2013,15500.2,4.7,0.15,58.6,76.4,182.010124614565,5/1/2013,15557.3,5,0.11,58.6,84.5,186.748008477508,6/1/2013,15557.3,5.1,0.09,58.7,84.1,191.082725281467,7/1/2013,15614.4,5,0.09,58.7,85.1,194.512331190619,8/1/2013,15687.95,5.2,0.08,58.7,82.1,198.794598884047
Out: 15687.95
