Topology: 36, 7, 1
In: 8/1/2009,14472.2,4.9,0.16,59.1,65.7,143.938444683166,9/1/2009,14472.2,5.9,0.15,58.7,73.5,145.502553586608,10/1/2009,14541.9,5.4,0.12,58.5,70.6,147.146989047923,11/1/2009,14573.35,5.7,0.12,58.6,67.4,148.901352907218,12/1/2009,14573.35,5.7,0.12,58.3,72.5,150.211255799154,1/1/2010,14604.8,5.6,0.11,58.5,74.4,152.344194794822
Out: 14675.35
In: 9/1/2009,14472.2,5.9,0.15,58.7,73.5,145.502553586608,10/1/2009,14541.9,5.4,0.12,58.5,70.6,147.146989047923,11/1/2009,14573.35,5.7,0.12,58.6,67.4,148.901352907218,12/1/2009,14573.35,5.7,0.12,58.3,72.5,150.211255799154,1/1/2010,14604.8,5.6,0.11,58.5,74.4,152.344194794822,2/1/2010,14675.35,5.2,0.13,58.5,73.6,152.433375100148
Out: 14675.35
In: 10/1/2009,14541.9,5.4,0.12,58.5,70.6,147.146989047923,11/1/2009,14573.35,5.7,0.12,58.6,67.4,148.901352907218,12/1/2009,14573.35,5.7,0.12,58.3,72.5,150.211255799154,1/1/2010,14604.8,5.6,0.11,58.5,74.4,152.344194794822,2/1/2010,14675.35,5.2,0.13,58.5,73.6,152.433375100148,3/1/2010,14675.35,5,0.16,58.5,73.6,153.017253092413
Out: 14745.9
In: 11/1/2009,14573.35,5.7,0.12,58.6,67.4,148.901352907218,12/1/2009,14573.35,5.7,0.12,58.3,72.5,150.211255799154,1/1/2010,14604.8,5.6,0.11,58.5,74.4,152.344194794822,2/1/2010,14675.35,5.2,0.13,58.5,73.6,152.433375100148,3/1/2010,14675.35,5,0.16,58.5,73.6,153.017253092413,4/1/2010,14745.9,5.6,0.2,58.7,72.2,154.069492142969
Out: 14795.7
In: 12/1/2009,14573.35,5.7,0.12,58.3,72.5,150.211255799154,1/1/2010,14604.8,5.6,0.11,58.5,74.4,152.344194794822,2/1/2010,14675.35,5.2,0.13,58.5,73.6,152.433375100148,3/1/2010,14675.35,5,0.16,58.5,73.6,153.017253092413,4/1/2010,14745.9,5.6,0.2,58.7,72.2,154.069492142969,5/1/2010,14795.7,6,0.2,58.6,73.6,154.527919526035
Out: 14795.7
In: 1/1/2010,14604.8,5.6,0.11,58.5,74.4,152.344194794822,2/1/2010,14675.35,5.2,0.13,58.5,73.6,152.433375100148,3/1/2010,14675.35,5,0.16,58.5,73.6,153.017253092413,4/1/2010,14745.9,5.6,0.2,58.7,72.2,154.069492142969,5/1/2010,14795.7,6,0.2,58.6,73.6,154.527919526035,6/1/2010,14795.7,5.9,0.18,58.5,76,153.924352492819
Out: 14845.5
