Topology: 36, 7, 1
In: 1/1/2010,14604.8,5.6,0.11,58.5,74.4,152.344194794822,2/1/2010,14675.35,5.2,0.13,58.5,73.6,152.433375100148,3/1/2010,14675.35,5,0.16,58.5,73.6,153.017253092413,4/1/2010,14745.9,5.6,0.2,58.7,72.2,154.069492142969,5/1/2010,14795.7,6,0.2,58.6,73.6,154.527919526035,6/1/2010,14795.7,5.9,0.18,58.5,76,153.924352492819
Out: 14845.5
In: 2/1/2010,14675.35,5.2,0.13,58.5,73.6,152.433375100148,3/1/2010,14675.35,5,0.16,58.5,73.6,153.017253092413,4/1/2010,14745.9,5.6,0.2,58.7,72.2,154.069492142969,5/1/2010,14795.7,6,0.2,58.6,73.6,154.527919526035,6/1/2010,14795.7,5.9,0.18,58.5,76,153.924352492819,7/1/2010,14845.5,5.9,0.18,58.5,67.8,152.544735370387
Out: 14892.25
In: 3/1/2010,14675.35,5,0.16,58.5,73.6,153.017253092413,4/1/2010,14745.9,5.6,0.2,58.7,72.2,154.069492142969,5/1/2010,14795.7,6,0.2,58.6,73.6,154.527919526035,6/1/2010,14795.7,5.9,0.18,58.5,76,153.924352492819,7/1/2010,14845.5,5.9,0.18,58.5,67.8,152.544735370387,8/1/2010,14892.25,5.8,0.19,58.6,68.9,150.825715068152
Out: 14892.25
In: 4/1/2010,14745.9,5.6,0.2,58.7,72.2,154.069492142969,5/1/2010,14795.7,6,0.2,58.6,73.6,154.527919526035,6/1/2010,14795.7,5.9,0.18,58.5,76,153.924352492819,7/1/2010,14845.5,5.9,0.18,58.5,67.8,152.544735370387,8/1/2010,14892.25,5.8,0.19,58.6,68.9,150.825715068152,9/1/2010,14892.25,5.6,0.19,58.5,68.2,148.995301644902
Out: 14939
In: 5/1/2010,14795.7,6,0.2,58.6,73.6,154.527919526035,6/1/2010,14795.7,5.9,0.18,58.5,76,153.924352492819,7/1/2010,14845.5,5.9,0.18,58.5,67.8,152.544735370387,8/1/2010,14892.25,5.8,0.19,58.6,68.9,150.825715068152,9/1/2010,14892.25,5.6,0.19,58.5,68.2,148.995301644902,10/1/2010,14939,5.4,0.19,58.3,67.7,147.271973457538
Out: 14910.15
In: 6/1/2010,14795.7,5.9,0.18,58.5,76,153.924352492819,7/1/2010,14845.5,5.9,0.18,58.5,67.8,152.544735370387,8/1/2010,14892.25,5.8,0.19,58.6,68.9,150.825715068152,9/1/2010,14892.25,5.6,0.19,58.5,68.2,148.995301644902,10/1/2010,14939,5.4,0.19,58.3,67.7,147.271973457538,11/1/2010,14910.15,5.3,0.19,58.2,71.6,146.575120061936
Out: 14910.15
