Topology: 36, 7, 1
In: 5/1/2013,15557.3,5,0.11,58.6,84.5,186.748008477508,6/1/2013,15557.3,5.1,0.09,58.7,84.1,191.082725281467,7/1/2013,15614.4,5,0.09,58.7,85.1,194.512331190619,8/1/2013,15687.95,5.2,0.08,58.7,82.1,198.794598884047,9/1/2013,15687.95,5,0.08,58.6,77.5,203.209763541474,10/1/2013,15761.5,4.5,0.09,58.2,73.2,206.44784100252
Out: 15743.2
In: 6/1/2013,15557.3,5.1,0.09,58.7,84.1,191.082725281467,7/1/2013,15614.4,5,0.09,58.7,85.1,194.512331190619,8/1/2013,15687.95,5.2,0.08,58.7,82.1,198.794598884047,9/1/2013,15687.95,5,0.08,58.6,77.5,203.209763541474,10/1/2013,15761.5,4.5,0.09,58.2,73.2,206.44784100252,11/1/2013,15743.2,4.4,0.08,58.6,75.1,209.351881731196
Out: 15743.2
In: 7/1/2013,15614.4,5,0.09,58.7,85.1,194.512331190619,8/1/2013,15687.95,5.2,0.08,58.7,82.1,198.794598884047,9/1/2013,15687.95,5,0.08,58.6,77.5,203.209763541474,10/1/2013,15761.5,4.5,0.09,58.2,73.2,206.44784100252,11/1/2013,15743.2,4.4,0.08,58.6,75.1,209.351881731196,12/1/2013,15743.2,4.3,0.09,58.6,82.5,211.921122922908
Out: 15724.9
In: 8/1/2013,15687.95,5.2,0.08,58.7,82.1,198.794598884047,9/1/2013,15687.95,5,0.08,58.6,77.5,203.209763541474,10/1/2013,15761.5,4.5,0.09,58.2,73.2,206.44784100252,11/1/2013,15743.2,4.4,0.08,58.6,75.1,209.351881731196,12/1/2013,15743.2,4.3,0.09,58.6,82.5,211.921122922908,1/1/2014,15724.9,5.1,0.07,58.8,81.2,215.876585218611
Out: 15813.2
In: 9/1/2013,15687.95,5,0.08,58.6,77.5,203.209763541474,10/1/2013,15761.5,4.5,0.09,58.2,73.2,206.44784100252,11/1/2013,15743.2,4.4,0.08,58.6,75.1,209.351881731196,12/1/2013,15743.2,4.3,0.09,58.6,82.5,211.921122922908,1/1/2014,15724.9,5.1,0.07,58.8,81.2,215.876585218611,2/1/2014,15813.2,5,0.07,58.8,81.6,219.622257732011
Out: 15813.2
In: 10/1/2013,15761.5,4.5,0.09,58.2,73.2,206.44784100252,11/1/2013,15743.2,4.4,0.08,58.6,75.1,209.351881731196,12/1/2013,15743.2,4.3,0.09,58.6,82.5,211.921122922908,1/1/2014,15724.9,5.1,0.07,58.8,81.2,215.876585218611,2/1/2014,15813.2,5,0.07,58.8,81.6,219.622257732011,3/1/2014,15813.2,4.9,0.08,59,80,225.755042910874
Out: 15901.5
