Topology: 36, 7, 1
In: 9/1/2008,14734.3,4.4,1.81,61.9,70.3,181.053418178701,10/1/2008,14577,5.4,0.97,61.7,57.6,172.299494967698,11/1/2008,14476,6.2,0.39,61.4,55.3,162.326284584669,12/1/2008,14476,6.4,0.16,61,60.1,154.084248973763,1/1/2009,14375,6.4,0.15,60.6,61.2,148.632818511933,2/1/2009,14365.3,5.9,0.22,60.3,56.3,145.296595939109
Out: 14365.3
In: 10/1/2008,14577,5.4,0.97,61.7,57.6,172.299494967698,11/1/2008,14476,6.2,0.39,61.4,55.3,162.326284584669,12/1/2008,14476,6.4,0.16,61,60.1,154.084248973763,1/1/2009,14375,6.4,0.15,60.6,61.2,148.632818511933,2/1/2009,14365.3,5.9,0.22,60.3,56.3,145.296595939109,3/1/2009,14365.3,6.1,0.18,59.9,57.3,140.713544754374
Out: 14355.6
In: 11/1/2008,14476,6.2,0.39,61.4,55.3,162.326284584669,12/1/2008,14476,6.4,0.16,61,60.1,154.084248973763,1/1/2009,14375,6.4,0.15,60.6,61.2,148.632818511933,2/1/2009,14365.3,5.9,0.22,60.3,56.3,145.296595939109,3/1/2009,14365.3,6.1,0.18,59.9,57.3,140.713544754374,4/1/2009,14355.6,6.7,0.15,59.8,65.1,138.030219054668
Out: 14379.05
In: 12/1/2008,14476,6.4,0.16,61,60.1,154.084248973763,1/1/2009,14375,6.4,0.15,60.6,61.2,148.632818511933,2/1/2009,14365.3,5.9,0.22,60.3,56.3,145.296595939109,3/1/2009,14365.3,6.1,0.18,59.9,57.3,140.713544754374,4/1/2009,14355.6,6.7,0.15,59.8,65.1,138.030219054668,5/1/2009,14379.05,8.1,0.18,59.6,68.7,137.131269190615
Out: 14379.05
In: 1/1/2009,14375,6.4,0.15,60.6,61.2,148.632818511933,2/1/2009,14365.3,5.9,0.22,60.3,56.3,145.296595939109,3/1/2009,14365.3,6.1,0.18,59.9,57.3,140.713544754374,4/1/2009,14355.6,6.7,0.15,59.8,65.1,138.030219054668,5/1/2009,14379.05,8.1,0.18,59.6,68.7,137.131269190615,6/1/2009,14379.05,6.6,0.21,59.4,70.8,139.626619272955
Out: 14402.5
In: 2/1/2009,14365.3,5.9,0.22,60.3,56.3,145.296595939109,3/1/2009,14365.3,6.1,0.18,59.9,57.3,140.713544754374,4/1/2009,14355.6,6.7,0.15,59.8,65.1,138.030219054668,5/1/2009,14379.05,8.1,0.18,59.6,68.7,137.131269190615,6/1/2009,14379.05,6.6,0.21,59.4,70.8,139.626619272955,7/1/2009,14402.5,6,0.16,59.3,66,141.182687605569
Out: 14472.2
