Topology: 36, 7, 1
In: 1/1/2006,14546.1,3.8,4.29,62.9,91.2,267.899269603089,2/1/2006,14567.85,3.8,4.49,63,86.7,272.336909605767,3/1/2006,14567.85,3.8,4.59,63.1,88.9,276.212879223112,4/1/2006,14589.6,3.4,4.79,63,87.4,279.778579157778,5/1/2006,14596.1,3.2,4.94,63.1,79.1,281.022427176987,6/1/2006,14596.1,3.4,4.99,63.1,84.9,279.55075735265
Out: 14602.6
In: 2/1/2006,14567.85,3.8,4.49,63,86.7,272.336909605767,3/1/2006,14567.85,3.8,4.59,63.1,88.9,276.212879223112,4/1/2006,14589.6,3.4,4.79,63,87.4,279.778579157778,5/1/2006,14596.1,3.2,4.94,63.1,79.1,281.022427176987,6/1/2006,14596.1,3.4,4.99,63.1,84.9,279.55075735265,7/1/2006,14602.6,2.9,5.24,63,84.7,277.725176076785
Out: 14659.75
In: 3/1/2006,14567.85,3.8,4.59,63.1,88.9,276.212879223112,4/1/2006,14589.6,3.4,4.79,63,87.4,279.778579157778,5/1/2006,14596.1,3.2,4.94,63.1,79.1,281.022427176987,6/1/2006,14596.1,3.4,4.99,63.1,84.9,279.55075735265,7/1/2006,14602.6,2.9,5.24,63,84.7,277.725176076785,8/1/2006,14659.75,3,5.25,63.1,82,275.898671169577
Out: 14659.75
In: 4/1/2006,14589.6,3.4,4.79,63,87.4,279.778579157778,5/1/2006,14596.1,3.2,4.94,63.1,79.1,281.022427176987,6/1/2006,14596.1,3.4,4.99,63.1,84.9,279.55075735265,7/1/2006,14602.6,2.9,5.24,63,84.7,277.725176076785,8/1/2006,14659.75,3,5.25,63.1,82,275.898671169577,9/1/2006,14659.75,3,5.25,63.1,85.4,272.894609997312
Out: 14716.9
In: 5/1/2006,14596.1,3.2,4.94,63.1,79.1,281.022427176987,6/1/2006,14596.1,3.4,4.99,63.1,84.9,279.55075735265,7/1/2006,14602.6,2.9,5.24,63,84.7,277.725176076785,8/1/2006,14659.75,3,5.25,63.1,82,275.898671169577,9/1/2006,14659.75,3,5.25,63.1,85.4,272.894609997312,10/1/2006,14716.9,3.1,5.25,63.3,93.6,270.448157519788
Out: 14721.45
In: 6/1/2006,14596.1,3.4,4.99,63.1,84.9,279.55075735265,7/1/2006,14602.6,2.9,5.24,63,84.7,277.725176076785,8/1/2006,14659.75,3,5.25,63.1,82,275.898671169577,9/1/2006,14659.75,3,5.25,63.1,85.4,272.894609997312,10/1/2006,14716.9,3.1,5.25,63.3,93.6,270.448157519788,11/1/2006,14721.45,3.2,5.25,63.3,92.1,270.161839479831
Out: 14721.45
