Topology: 36, 7, 1
In: 12/1/2007,14940.65,3,4.24,62.7,75.5,233.543345489473,1/1/2008,14889.5,3.3,3.94,62.9,78.4,227.209354978913,2/1/2008,14926.45,3.8,2.98,62.8,70.8,218.950878627502,3/1/2008,14926.45,3.9,2.61,62.7,69.5,213.590457754112,4/1/2008,14963.4,3.5,2.28,62.7,62.6,207.854059852145,5/1/2008,14927.5,7.9,1.98,62.5,59.8,203.250605424701
Out: 14927.5
In: 1/1/2008,14889.5,3.3,3.94,62.9,78.4,227.209354978913,2/1/2008,14926.45,3.8,2.98,62.8,70.8,218.950878627502,3/1/2008,14926.45,3.9,2.61,62.7,69.5,213.590457754112,4/1/2008,14963.4,3.5,2.28,62.7,62.6,207.854059852145,5/1/2008,14927.5,7.9,1.98,62.5,59.8,203.250605424701,6/1/2008,14927.5,5.5,2,62.4,56.4,200.112653688476
Out: 14891.6
In: 2/1/2008,14926.45,3.8,2.98,62.8,70.8,218.950878627502,3/1/2008,14926.45,3.9,2.61,62.7,69.5,213.590457754112,4/1/2008,14963.4,3.5,2.28,62.7,62.6,207.854059852145,5/1/2008,14927.5,7.9,1.98,62.5,59.8,203.250605424701,6/1/2008,14927.5,5.5,2,62.4,56.4,200.112653688476,7/1/2008,14891.6,4.4,2.01,62.2,61.2,194.603460027995
Out: 14734.3
In: 3/1/2008,14926.45,3.9,2.61,62.7,69.5,213.590457754112,4/1/2008,14963.4,3.5,2.28,62.7,62.6,207.854059852145,5/1/2008,14927.5,7.9,1.98,62.5,59.8,203.250605424701,6/1/2008,14927.5,5.5,2,62.4,56.4,200.112653688476,7/1/2008,14891.6,4.4,2.01,62.2,61.2,194.603460027995,8/1/2008,14734.3,3.7,2,62,63,188.09014088182
Out: 14734.3
In: 4/1/2008,14963.4,3.5,2.28,62.7,62.6,207.854059852145,5/1/2008,14927.5,7.9,1.98,62.5,59.8,203.250605424701,6/1/2008,14927.5,5.5,2,62.4,56.4,200.112653688476,7/1/2008,14891.6,4.4,2.01,62.2,61.2,194.603460027995,8/1/2008,14734.3,3.7,2,62,63,188.09014088182,9/1/2008,14734.3,4.4,1.81,61.9,70.3,181.053418178701
Out: 14577
In: 5/1/2008,14927.5,7.9,1.98,62.5,59.8,203.250605424701,6/1/2008,14927.5,5.5,2,62.4,56.4,200.112653688476,7/1/2008,14891.6,4.4,2.01,62.2,61.2,194.603460027995,8/1/2008,14734.3,3.7,2,62,63,188.09014088182,9/1/2008,14734.3,4.4,1.81,61.9,70.3,181.053418178701,10/1/2008,14577,5.4,0.97,61.7,57.6,172.299494967698
Out: 14476
