Topology: 36, 7, 1
In: 5/1/2011,15005.35,5.9,0.09,58.4,74.3,146.809637276526,6/1/2011,15005.35,6.1,0.09,58.2,71.5,146.430158795758,7/1/2011,15021.1,6.2,0.07,58.2,63.7,146.221410673755,8/1/2011,15105.7,6.2,0.1,58.3,55.8,145.872695980946,9/1/2011,15105.7,5.7,0.08,58.4,59.5,144.890640586574,10/1/2011,15190.3,5.5,0.07,58.4,60.8,142.814642415969
Out: 15240.65
In: 6/1/2011,15005.35,6.1,0.09,58.2,71.5,146.430158795758,7/1/2011,15021.1,6.2,0.07,58.2,63.7,146.221410673755,8/1/2011,15105.7,6.2,0.1,58.3,55.8,145.872695980946,9/1/2011,15105.7,5.7,0.08,58.4,59.5,144.890640586574,10/1/2011,15190.3,5.5,0.07,58.4,60.8,142.814642415969,11/1/2011,15240.65,5.6,0.08,58.6,63.7,141.154318129273
Out: 15240.65
In: 7/1/2011,15021.1,6.2,0.07,58.2,63.7,146.221410673755,8/1/2011,15105.7,6.2,0.1,58.3,55.8,145.872695980946,9/1/2011,15105.7,5.7,0.08,58.4,59.5,144.890640586574,10/1/2011,15190.3,5.5,0.07,58.4,60.8,142.814642415969,11/1/2011,15240.65,5.6,0.08,58.6,63.7,141.154318129273,12/1/2011,15240.65,6.4,0.07,58.6,69.9,139.512390858677
Out: 15291
In: 8/1/2011,15105.7,6.2,0.1,58.3,55.8,145.872695980946,9/1/2011,15105.7,5.7,0.08,58.4,59.5,144.890640586574,10/1/2011,15190.3,5.5,0.07,58.4,60.8,142.814642415969,11/1/2011,15240.65,5.6,0.08,58.6,63.7,141.154318129273,12/1/2011,15240.65,6.4,0.07,58.6,69.9,139.512390858677,1/1/2012,15291,6.6,0.08,58.5,75,139.850260670395
Out: 15326.7
In: 9/1/2011,15105.7,5.7,0.08,58.4,59.5,144.890640586574,10/1/2011,15190.3,5.5,0.07,58.4,60.8,142.814642415969,11/1/2011,15240.65,5.6,0.08,58.6,63.7,141.154318129273,12/1/2011,15240.65,6.4,0.07,58.6,69.9,139.512390858677,1/1/2012,15291,6.6,0.08,58.5,75,139.850260670395,2/1/2012,15326.7,6.7,0.1,58.5,75.3,140.60477204444
Out: 15326.7
In: 10/1/2011,15190.3,5.5,0.07,58.4,60.8,142.814642415969,11/1/2011,15240.65,5.6,0.08,58.6,63.7,141.154318129273,12/1/2011,15240.65,6.4,0.07,58.6,69.9,139.512390858677,1/1/2012,15291,6.6,0.08,58.5,75,139.850260670395,2/1/2012,15326.7,6.7,0.1,58.5,75.3,140.60477204444,3/1/2012,15326.7,7,0.13,58.6,76.2,142.514015604742
Out: 15362.4
