Topology: 36, 7, 1
In: 9/1/2013,15687.95,5,0.08,58.6,77.5,203.209763541474,10/1/2013,15761.5,4.5,0.09,58.2,73.2,206.44784100252,11/1/2013,15743.2,4.4,0.08,58.6,75.1,209.351881731196,12/1/2013,15743.2,4.3,0.09,58.6,82.5,211.921122922908,1/1/2014,15724.9,5.1,0.07,58.8,81.2,215.876585218611,2/1/2014,15813.2,5,0.07,58.8,81.6,219.622257732011
Out: 15813.2
In: 10/1/2013,15761.5,4.5,0.09,58.2,73.2,206.44784100252,11/1/2013,15743.2,4.4,0.08,58.6,75.1,209.351881731196,12/1/2013,15743.2,4.3,0.09,58.6,82.5,211.921122922908,1/1/2014,15724.9,5.1,0.07,58.8,81.2,215.876585218611,2/1/2014,15813.2,5,0.07,58.8,81.6,219.622257732011,3/1/2014,15813.2,4.9,0.08,59,80,225.755042910874
Out: 15901.5
In: 11/1/2013,15743.2,4.4,0.08,58.6,75.1,209.351881731196,12/1/2013,15743.2,4.3,0.09,58.6,82.5,211.921122922908,1/1/2014,15724.9,5.1,0.07,58.8,81.2,215.876585218611,2/1/2014,15813.2,5,0.07,58.8,81.6,219.622257732011,3/1/2014,15813.2,4.9,0.08,59,80,225.755042910874,4/1/2014,15901.5,4.8,0.09,58.9,84.1,226.783684833384
Out: 15985.15
In: 12/1/2013,15743.2,4.3,0.09,58.6,82.5,211.921122922908,1/1/2014,15724.9,5.1,0.07,58.8,81.2,215.876585218611,2/1/2014,15813.2,5,0.07,58.8,81.6,219.622257732011,3/1/2014,15813.2,4.9,0.08,59,80,225.755042910874,4/1/2014,15901.5,4.8,0.09,58.9,84.1,226.783684833384,5/1/2014,15985.15,4.9,0.09,58.9,81.9,227.237701661255
Out: 15985.15
In: 1/1/2014,15724.9,5.1,0.07,58.8,81.2,215.876585218611,2/1/2014,15813.2,5,0.07,58.8,81.6,219.622257732011,3/1/2014,15813.2,4.9,0.08,59,80,225.755042910874,4/1/2014,15901.5,4.8,0.09,58.9,84.1,226.783684833384,5/1/2014,15985.15,4.9,0.09,58.9,81.9,227.237701661255,6/1/2014,15985.15,4.8,0.1,59,82.5,227.155910887001
Out: 16068.8
In: 2/1/2014,15813.2,5,0.07,58.8,81.6,219.622257732011,3/1/2014,15813.2,4.9,0.08,59,80,225.755042910874,4/1/2014,15901.5,4.8,0.09,58.9,84.1,226.783684833384,5/1/2014,15985.15,4.9,0.09,58.9,81.9,227.237701661255,6/1/2014,15985.15,4.8,0.1,59,82.5,227.155910887001,7/1/2014,16068.8,4.8,0.09,59,81.8,225.630031385559
Out: 16110.1
