Topology: 36, 7, 1
In: 4/1/2012,15362.4,7.2,0.14,58.5,76.4,144.462604298924,5/1/2012,15371.6,7.3,0.16,58.5,79.3,147.189413545108,6/1/2012,15371.6,7.6,0.16,58.6,73.2,150.043345561894,7/1/2012,15380.8,7.1,0.16,58.5,72.3,151.537448822792,8/1/2012,15382.55,7.1,0.13,58.4,74.3,154.181260002617,9/1/2012,15382.55,7.2,0.14,58.6,78.3,156.895451555562
Out: 15384.3
In: 5/1/2012,15371.6,7.3,0.16,58.5,79.3,147.189413545108,6/1/2012,15371.6,7.6,0.16,58.6,73.2,150.043345561894,7/1/2012,15380.8,7.1,0.16,58.5,72.3,151.537448822792,8/1/2012,15382.55,7.1,0.13,58.4,74.3,154.181260002617,9/1/2012,15382.55,7.2,0.14,58.6,78.3,156.895451555562,10/1/2012,15384.3,7.8,0.16,58.8,82.6,158.948322551269
Out: 15420.75
In: 6/1/2012,15371.6,7.6,0.16,58.6,73.2,150.043345561894,7/1/2012,15380.8,7.1,0.16,58.5,72.3,151.537448822792,8/1/2012,15382.55,7.1,0.13,58.4,74.3,154.181260002617,9/1/2012,15382.55,7.2,0.14,58.6,78.3,156.895451555562,10/1/2012,15384.3,7.8,0.16,58.8,82.6,158.948322551269,11/1/2012,15420.75,8.8,0.16,58.7,82.7,160.314505167883
Out: 15420.75
In: 7/1/2012,15380.8,7.1,0.16,58.5,72.3,151.537448822792,8/1/2012,15382.55,7.1,0.13,58.4,74.3,154.181260002617,9/1/2012,15382.55,7.2,0.14,58.6,78.3,156.895451555562,10/1/2012,15384.3,7.8,0.16,58.8,82.6,158.948322551269,11/1/2012,15420.75,8.8,0.16,58.7,82.7,160.314505167883,12/1/2012,15420.75,11,0.16,58.6,72.9,162.723156022009
Out: 15457.2
In: 8/1/2012,15382.55,7.1,0.13,58.4,74.3,154.181260002617,9/1/2012,15382.55,7.2,0.14,58.6,78.3,156.895451555562,10/1/2012,15384.3,7.8,0.16,58.8,82.6,158.948322551269,11/1/2012,15420.75,8.8,0.16,58.7,82.7,160.314505167883,12/1/2012,15420.75,11,0.16,58.6,72.9,162.723156022009,1/1/2013,15457.2,4.6,0.14,58.6,73.8,166.233760290484
Out: 15478.7
In: 9/1/2012,15382.55,7.2,0.14,58.6,78.3,156.895451555562,10/1/2012,15384.3,7.8,0.16,58.8,82.6,158.948322551269,11/1/2012,15420.75,8.8,0.16,58.7,82.7,160.314505167883,12/1/2012,15420.75,11,0.16,58.6,72.9,162.723156022009,1/1/2013,15457.2,4.6,0.14,58.6,73.8,166.233760290484,2/1/2013,15478.7,4.6,0.15,58.6,77.6,171.307482370398
Out: 15478.7
