Topology: 36, 7, 1
In: 4/1/2008,14963.4,3.5,2.28,62.7,62.6,207.854059852145,5/1/2008,14927.5,7.9,1.98,62.5,59.8,203.250605424701,6/1/2008,14927.5,5.5,2,62.4,56.4,200.112653688476,7/1/2008,14891.6,4.4,2.01,62.2,61.2,194.603460027995,8/1/2008,14734.3,3.7,2,62,63,188.09014088182,9/1/2008,14734.3,4.4,1.81,61.9,70.3,181.053418178701
Out: 14577
In: 5/1/2008,14927.5,7.9,1.98,62.5,59.8,203.250605424701,6/1/2008,14927.5,5.5,2,62.4,56.4,200.112653688476,7/1/2008,14891.6,4.4,2.01,62.2,61.2,194.603460027995,8/1/2008,14734.3,3.7,2,62,63,188.09014088182,9/1/2008,14734.3,4.4,1.81,61.9,70.3,181.053418178701,10/1/2008,14577,5.4,0.97,61.7,57.6,172.299494967698
Out: 14476
In: 6/1/2008,14927.5,5.5,2,62.4,56.4,200.112653688476,7/1/2008,14891.6,4.4,2.01,62.2,61.2,194.603460027995,8/1/2008,14734.3,3.7,2,62,63,188.09014088182,9/1/2008,14734.3,4.4,1.81,61.9,70.3,181.053418178701,10/1/2008,14577,5.4,0.97,61.7,57.6,172.299494967698,11/1/2008,14476,6.2,0.39,61.4,55.3,162.326284584669
Out: 14476
In: 7/1/2008,14891.6,4.4,2.01,62.2,61.2,194.603460027995,8/1/2008,14734.3,3.7,2,62,63,188.09014088182,9/1/2008,14734.3,4.4,1.81,61.9,70.3,181.053418178701,10/1/2008,14577,5.4,0.97,61.7,57.6,172.299494967698,11/1/2008,14476,6.2,0.39,61.4,55.3,162.326284584669,12/1/2008,14476,6.4,0.16,61,60.1,154.084248973763
Out: 14375
In: 8/1/2008,14734.3,3.7,2,62,63,188.09014088182,9/1/2008,14734.3,4.4,1.81,61.9,70.3,181.053418178701,10/1/2008,14577,5.4,0.97,61.7,57.6,172.299494967698,11/1/2008,14476,6.2,0.39,61.4,55.3,162.326284584669,12/1/2008,14476,6.4,0.16,61,60.1,154.084248973763,1/1/2009,14375,6.4,0.15,60.6,61.2,148.632818511933
Out: 14365.3
In: 9/1/2008,14734.3,4.4,1.81,61.9,70.3,181.053418178701,10/1/2008,14577,5.4,0.97,61.7,57.6,172.299494967698,11/1/2008,14476,6.2,0.39,61.4,55.3,162.326284584669,12/1/2008,14476,6.4,0.16,61,60.1,154.084248973763,1/1/2009,14375,6.4,0.15,60.6,61.2,148.632818511933,2/1/2009,14365.3,5.9,0.22,60.3,56.3,145.296595939109
Out: 14365.3
