Topology: 36, 7, 1
In: 3/1/2014,15813.2,4.9,0.08,59,80,225.755042910874,4/1/2014,15901.5,4.8,0.09,58.9,84.1,226.783684833384,5/1/2014,15985.15,4.9,0.09,58.9,81.9,227.237701661255,6/1/2014,15985.15,4.8,0.1,59,82.5,227.155910887001,7/1/2014,16068.8,4.8,0.09,59,81.8,225.630031385559,8/1/2014,16110.1,4.6,0.09,59,82.5,224.766575986462
Out: 16110.1
In: 4/1/2014,15901.5,4.8,0.09,58.9,84.1,226.783684833384,5/1/2014,15985.15,4.9,0.09,58.9,81.9,227.237701661255,6/1/2014,15985.15,4.8,0.1,59,82.5,227.155910887001,7/1/2014,16068.8,4.8,0.09,59,81.8,225.630031385559,8/1/2014,16110.1,4.6,0.09,59,82.5,224.766575986462,9/1/2014,16110.1,4.6,0.09,59,84.6,226.146571016475
Out: 16151.4
In: 5/1/2014,15985.15,4.9,0.09,58.9,81.9,227.237701661255,6/1/2014,15985.15,4.8,0.1,59,82.5,227.155910887001,7/1/2014,16068.8,4.8,0.09,59,81.8,225.630031385559,8/1/2014,16110.1,4.6,0.09,59,82.5,224.766575986462,9/1/2014,16110.1,4.6,0.09,59,84.6,226.146571016475,10/1/2014,16151.4,4.5,0.09,59.2,86.9,228.230037019941
Out: 16164.35
In: 6/1/2014,15985.15,4.8,0.1,59,82.5,227.155910887001,7/1/2014,16068.8,4.8,0.09,59,81.8,225.630031385559,8/1/2014,16110.1,4.6,0.09,59,82.5,224.766575986462,9/1/2014,16110.1,4.6,0.09,59,84.6,226.146571016475,10/1/2014,16151.4,4.5,0.09,59.2,86.9,228.230037019941,11/1/2014,16164.35,4.6,0.09,59.2,88.8,229.570919655019
Out: 16164.35
In: 7/1/2014,16068.8,4.8,0.09,59,81.8,225.630031385559,8/1/2014,16110.1,4.6,0.09,59,82.5,224.766575986462,9/1/2014,16110.1,4.6,0.09,59,84.6,226.146571016475,10/1/2014,16151.4,4.5,0.09,59.2,86.9,228.230037019941,11/1/2014,16164.35,4.6,0.09,59.2,88.8,229.570919655019,12/1/2014,16164.35,5,0.12,59.2,93.6,231.281375869971
Out: 16177.3
In: 8/1/2014,16110.1,4.6,0.09,59,82.5,224.766575986462,9/1/2014,16110.1,4.6,0.09,59,84.6,226.146571016475,10/1/2014,16151.4,4.5,0.09,59.2,86.9,228.230037019941,11/1/2014,16164.35,4.6,0.09,59.2,88.8,229.570919655019,12/1/2014,16164.35,5,0.12,59.2,93.6,231.281375869971,1/1/2015,16177.3,5.3,0.11,59.3,98.1,233.089759949606
Out: 16255.45
