Topology: 36, 7, 1
In: 3/1/2007,14782.35,3.6,5.26,63.3,88.4,277.072160690258,4/1/2007,14838.7,3.2,5.25,63,87.1,275.480680547943,5/1/2007,14888.6,3,5.25,63,88.3,272.684923673379,6/1/2007,14888.6,2.8,5.25,63,85.3,267.183560356515,7/1/2007,14938.5,2.8,5.26,62.9,90.4,261.342421588257,8/1/2007,14965.15,2.6,5.02,62.7,83.4,255.281648741875
Out: 14965.15
In: 4/1/2007,14838.7,3.2,5.25,63,87.1,275.480680547943,5/1/2007,14888.6,3,5.25,63,88.3,272.684923673379,6/1/2007,14888.6,2.8,5.25,63,85.3,267.183560356515,7/1/2007,14938.5,2.8,5.26,62.9,90.4,261.342421588257,8/1/2007,14965.15,2.6,5.02,62.7,83.4,255.281648741875,9/1/2007,14965.15,2.8,4.94,62.9,83.4,251.862880569219
Out: 14991.8
In: 5/1/2007,14888.6,3,5.25,63,88.3,272.684923673379,6/1/2007,14888.6,2.8,5.25,63,85.3,267.183560356515,7/1/2007,14938.5,2.8,5.26,62.9,90.4,261.342421588257,8/1/2007,14965.15,2.6,5.02,62.7,83.4,255.281648741875,9/1/2007,14965.15,2.8,4.94,62.9,83.4,251.862880569219,10/1/2007,14991.8,2.8,4.76,62.7,80.9,246.838288408052
Out: 14940.65
In: 6/1/2007,14888.6,2.8,5.25,63,85.3,267.183560356515,7/1/2007,14938.5,2.8,5.26,62.9,90.4,261.342421588257,8/1/2007,14965.15,2.6,5.02,62.7,83.4,255.281648741875,9/1/2007,14965.15,2.8,4.94,62.9,83.4,251.862880569219,10/1/2007,14991.8,2.8,4.76,62.7,80.9,246.838288408052,11/1/2007,14940.65,2.5,4.49,62.9,76.1,240.935480034815
Out: 14940.65
In: 7/1/2007,14938.5,2.8,5.26,62.9,90.4,261.342421588257,8/1/2007,14965.15,2.6,5.02,62.7,83.4,255.281648741875,9/1/2007,14965.15,2.8,4.94,62.9,83.4,251.862880569219,10/1/2007,14991.8,2.8,4.76,62.7,80.9,246.838288408052,11/1/2007,14940.65,2.5,4.49,62.9,76.1,240.935480034815,12/1/2007,14940.65,3,4.24,62.7,75.5,233.543345489473
Out: 14889.5
In: 8/1/2007,14965.15,2.6,5.02,62.7,83.4,255.281648741875,9/1/2007,14965.15,2.8,4.94,62.9,83.4,251.862880569219,10/1/2007,14991.8,2.8,4.76,62.7,80.9,246.838288408052,11/1/2007,14940.65,2.5,4.49,62.9,76.1,240.935480034815,12/1/2007,14940.65,3,4.24,62.7,75.5,233.543345489473,1/1/2008,14889.5,3.3,3.94,62.9,78.4,227.209354978913
Out: 14926.45
