Topology: 36, 7, 1
In: 2/1/2009,14365.3,5.9,0.22,60.3,56.3,145.296595939109,3/1/2009,14365.3,6.1,0.18,59.9,57.3,140.713544754374,4/1/2009,14355.6,6.7,0.15,59.8,65.1,138.030219054668,5/1/2009,14379.05,8.1,0.18,59.6,68.7,137.131269190615,6/1/2009,14379.05,6.6,0.21,59.4,70.8,139.626619272955,7/1/2009,14402.5,6,0.16,59.3,66,141.182687605569
Out: 14472.2
In: 3/1/2009,14365.3,6.1,0.18,59.9,57.3,140.713544754374,4/1/2009,14355.6,6.7,0.15,59.8,65.1,138.030219054668,5/1/2009,14379.05,8.1,0.18,59.6,68.7,137.131269190615,6/1/2009,14379.05,6.6,0.21,59.4,70.8,139.626619272955,7/1/2009,14402.5,6,0.16,59.3,66,141.182687605569,8/1/2009,14472.2,4.9,0.16,59.1,65.7,143.938444683166
Out: 14472.2
In: 4/1/2009,14355.6,6.7,0.15,59.8,65.1,138.030219054668,5/1/2009,14379.05,8.1,0.18,59.6,68.7,137.131269190615,6/1/2009,14379.05,6.6,0.21,59.4,70.8,139.626619272955,7/1/2009,14402.5,6,0.16,59.3,66,141.182687605569,8/1/2009,14472.2,4.9,0.16,59.1,65.7,143.938444683166,9/1/2009,14472.2,5.9,0.15,58.7,73.5,145.502553586608
Out: 14541.9
In: 5/1/2009,14379.05,8.1,0.18,59.6,68.7,137.131269190615,6/1/2009,14379.05,6.6,0.21,59.4,70.8,139.626619272955,7/1/2009,14402.5,6,0.16,59.3,66,141.182687605569,8/1/2009,14472.2,4.9,0.16,59.1,65.7,143.938444683166,9/1/2009,14472.2,5.9,0.15,58.7,73.5,145.502553586608,10/1/2009,14541.9,5.4,0.12,58.5,70.6,147.146989047923
Out: 14573.35
In: 6/1/2009,14379.05,6.6,0.21,59.4,70.8,139.626619272955,7/1/2009,14402.5,6,0.16,59.3,66,141.182687605569,8/1/2009,14472.2,4.9,0.16,59.1,65.7,143.938444683166,9/1/2009,14472.2,5.9,0.15,58.7,73.5,145.502553586608,10/1/2009,14541.9,5.4,0.12,58.5,70.6,147.146989047923,11/1/2009,14573.35,5.7,0.12,58.6,67.4,148.901352907218
Out: 14573.35
In: 7/1/2009,14402.5,6,0.16,59.3,66,141.182687605569,8/1/2009,14472.2,4.9,0.16,59.1,65.7,143.938444683166,9/1/2009,14472.2,5.9,0.15,58.7,73.5,145.502553586608,10/1/2009,14541.9,5.4,0.12,58.5,70.6,147.146989047923,11/1/2009,14573.35,5.7,0.12,58.6,67.4,148.901352907218,12/1/2009,14573.35,5.7,0.12,58.3,72.5,150.211255799154
Out: 14604.8
