Topology: 36, 7, 1
In: 11/1/2010,14910.15,5.3,0.19,58.2,71.6,146.575120061936,12/1/2010,14910.15,5.9,0.18,58.3,74.5,146.239086054491,1/1/2011,14881.3,6.3,0.17,58.3,74.2,146.366544185385,2/1/2011,14935.45,6.4,0.16,58.4,77.5,146.278363221754,3/1/2011,14935.45,6.1,0.14,58.4,67.5,146.05603897498,4/1/2011,14989.6,5.8,0.1,58.4,69.8,146.716906742046
Out: 15005.35
In: 12/1/2010,14910.15,5.9,0.18,58.3,74.5,146.239086054491,1/1/2011,14881.3,6.3,0.17,58.3,74.2,146.366544185385,2/1/2011,14935.45,6.4,0.16,58.4,77.5,146.278363221754,3/1/2011,14935.45,6.1,0.14,58.4,67.5,146.05603897498,4/1/2011,14989.6,5.8,0.1,58.4,69.8,146.716906742046,5/1/2011,15005.35,5.9,0.09,58.4,74.3,146.809637276526
Out: 15005.35
In: 1/1/2011,14881.3,6.3,0.17,58.3,74.2,146.366544185385,2/1/2011,14935.45,6.4,0.16,58.4,77.5,146.278363221754,3/1/2011,14935.45,6.1,0.14,58.4,67.5,146.05603897498,4/1/2011,14989.6,5.8,0.1,58.4,69.8,146.716906742046,5/1/2011,15005.35,5.9,0.09,58.4,74.3,146.809637276526,6/1/2011,15005.35,6.1,0.09,58.2,71.5,146.430158795758
Out: 15021.1
In: 2/1/2011,14935.45,6.4,0.16,58.4,77.5,146.278363221754,3/1/2011,14935.45,6.1,0.14,58.4,67.5,146.05603897498,4/1/2011,14989.6,5.8,0.1,58.4,69.8,146.716906742046,5/1/2011,15005.35,5.9,0.09,58.4,74.3,146.809637276526,6/1/2011,15005.35,6.1,0.09,58.2,71.5,146.430158795758,7/1/2011,15021.1,6.2,0.07,58.2,63.7,146.221410673755
Out: 15105.7
In: 3/1/2011,14935.45,6.1,0.14,58.4,67.5,146.05603897498,4/1/2011,14989.6,5.8,0.1,58.4,69.8,146.716906742046,5/1/2011,15005.35,5.9,0.09,58.4,74.3,146.809637276526,6/1/2011,15005.35,6.1,0.09,58.2,71.5,146.430158795758,7/1/2011,15021.1,6.2,0.07,58.2,63.7,146.221410673755,8/1/2011,15105.7,6.2,0.1,58.3,55.8,145.872695980946
Out: 15105.7
In: 4/1/2011,14989.6,5.8,0.1,58.4,69.8,146.716906742046,5/1/2011,15005.35,5.9,0.09,58.4,74.3,146.809637276526,6/1/2011,15005.35,6.1,0.09,58.2,71.5,146.430158795758,7/1/2011,15021.1,6.2,0.07,58.2,63.7,146.221410673755,8/1/2011,15105.7,6.2,0.1,58.3,55.8,145.872695980946,9/1/2011,15105.7,5.7,0.08,58.4,59.5,144.890640586574
Out: 15190.3
